28

33

29

7

37

43

22

12

36

35

10

37

41

0

10

26

10

36

22

49

17

18

5

10

33

15

8

23

19

41

4

27

0

28

16

6

29

38

20

25

32

15

15

21

17

37

45

41

23

13

43

2

1

10

19

16

34

27

15

19

23

34

37

14

30

47

29

8

40

17

13

6

4

34

17

41

46

1

40

11

46

22

47

9

43

13

39

17

28

35

20

16

31

46

0

43

31

36

7

7

48

26

41

28

37

14

40

8

5

27

39

23

8

24

29

10

32

11

20

37

44

8

2

13

6

44

47

18

23

3

10

16

45

1

28

7

3

0

0

41

35

34

4

14

15

14

15

15

46

13

45

8

35

4

36

5

42

9

42

22

12

42

26

17

16

11

10

16

40

43

15

40

3

18

34

37

19

46

39

22

43

27

35

24

6

29

41

42

32

14

39

21

31

1

4

14

41

20

26

5

49

22

17

27

29

12

9

32

28

4

3

34

4

5

49

27

14

11

20

12

36

10

14

16

39

25

19

2

37

48

26

31

27

6

29

47

16

18

45

40

13

36

6

6

20

12

10

12

30

48

31

42

18

19

7

41

3

3

14

7

9

47

1

29

22

5

33

34

19

43

23

32

2

33

35

6

19

42

14

38

5

12

8

30

35

35

12

13

11

11

44

5

26

45

45

27

17

7

11

33

5

47

10

43

41

13

37

37

39

3

22

29

45

32

38

37

5

45

0

43

49

36

11

10

37

2

45

16

18

4

13

5

44

37

43

34

8

15

40

48

5

8

34

48

46

29

33

35

9

43

43

19

11

41

3

24

40

35

43

15

24

32

5

4

48

16

10

1

43

47

8

4

1

43

27

24

34

17

2

47

4

9

12

17

44

46

37

35

2

23

0

16

32

45

5

18

27

32

46

30

35

12

20

11

26

32

47

6

26

11

34

3

28

31

22

16

21

6

15

12

28

25

44

35

20

37

32

18

44

9

48

13

19

21

37

31

15

44

40

13

1

21

15

46

9

14

16

23

5

22

30

6

10

35

27

21

3

15

46

22

33

24

30

24

2

18

7

4

16

22

11

31

12

41

11

41

11

39

48

46

2

49

35

2

30

8

33

35

10

37

26

38

18

38

46

18

7

36
46
48
